76561198088707829
76561197987772525
76561198070317654
76561198086865933
76561198077344856
76561198073353827
76561197995273946
76561198084554206
76561198089818719
76561198028300656
76561197984438570
76561198011763187
76561197963636297
76561198032507056
76561198009920001
76561198064336683
76561198082557115
76561198072603196
76561198057236450
76561198014745376
76561198078751569
76561198080304418
76561198024747179
76561198069027559
76561198090004955
76561198045087723
76561198087628060
76561198004595070
76561197963472418
76561198057258956
76561198073625700
76561198097422902
76561197993805010
76561198043301681
76561198110255556
76561198094597687
76561198044624809
76561198073397980
76561198060933384
76561198081017377
76561198108052665
76561198089276111
76561198069874617
76561198104912566
76561198056916268
76561198022968504
76561198050906968
76561198095405042
76561198021308897
76561198079917755
76561198037095338
76561198098085182
76561198024704620
76561198084591900
76561198072808550
76561198075257541
76561198054321950
76561198085707295
76561198037521678
76561198018236492
76561197991612412
76561198038167266
76561198077090367
76561198086649265
76561198004021839
76561198087034861
76561198014077154
76561198063544093
76561198075816512
76561198012410553
76561198064099586
76561198043777468
76561198010176328
76561198063231041
76561197986776750
76561198053773623
76561198034963318
76561198066374622
76561198057937518
76561198130809226
76561198007079195
76561198068083398
76561198017981117
76561198043420549
76561198079437347
76561197992376126
76561198088986746
76561198084855247
76561198078974298
76561198106822786
76561198047662376
76561198025484439
76561197978721813
76561198070603458
76561198083459101
76561197986475444
76561198042478436
76561198003924196
76561198072810657
76561197985493980
